1008981770
1017370378
1022739087
1025758986
1028443341
1031127695
1032805417
1034147594
1035489772
1036831949
1038174126
1039516303
1040522936
1041194025
1041865114
1042536202
1043207291
1043878380
1044549468
1045220557
1045891645
1046562734
1047233823
1047904911
1048576000
1048911544
1049247089
1049582633
1049918177
1050253722
1050589266
1050924810
1051260355
1051595899
1051931443
1052266988
1052602532
1052938076
1053273620
1053609165
1053944709
1054280253
1054615798
1054951342
1055286886
1055622431
1055957975
1056293519
1056629064
1056964608
1057132380
1057467924
---------- DO-NOT-USE - https://docs.google.com/spreadsheets/d/1eA46ZNnizZ1tpQj7Tgj7h2WNYkSlA8ByYvfJPr8pdb8
1057635697
1057803469
1057971241
1058139013
1058306785
1058474557
1058642330
1058810102
1058977874
1059145646
1059313418
1059481190
1059648963
1059816735
1059984507
1060152279
1060320051
1060487823
1060655596
1060823368
1060991140
1061158912
1061326684
1061494456
1061662228
1061830001
1061997773
1062165545
1062333317
1062501089
1062668861
1062836634
1063004406
1063172178
1063339950
1063507722
1063675494
1063843267
1064011039
1064178811
1064346583
1064514355
1064682127
1064849900
1065017672
1065185444
1065353216